Vertex Count: 18

Data:

2.12757 -1 -0.78773 0.3331 0.3331 0 -1 0
4.12757 -1 -0.78773 0.3331 0.000199974 0 -1 0
4.12757 -1 1.21227 0.0002 0.000199974 0 -1 0
2.12757 1 -0.78773 0.3331 0.6665 0 -1 0
2.12757 1 1.21227 0.0002 0.6665 0 -1 0
4.12757 1 1.21227 0.0002 0.3335 0 -1 0
4.12757 1 -0.787731 0.3331 0.9998 0 -1 0
4.12757 1 1.21227 0.0002 0.9998 0 -1 0
4.12757 -1 1.21227 0.0002 0.6669 0 -1 0
2.12757 1 -0.78773 0.6665 0.9998 0 -1 0
4.12757 1 -0.787731 0.3335 0.9998 0 -1 0
4.12757 -1 -0.78773 0.3335 0.6669 0 -1 0
2.12757 1 1.21227 0.6669 0.6669 0 1 0
2.12757 1 -0.78773 0.6669 0.9998 0 1 0
2.12757 -1 -0.78773 0.9998 0.9998 0 1 0
2.12757 -1 1.21227 0.6665 0.6665 0 1 0
4.12757 -1 1.21227 0.6665 0.3335 0 1 0
4.12757 1 1.21227 0.3335 0.3335 0 1 0
