Vertex Type: position3f_texCoords2f_normal3f
Vertex count: 384

Data:

0 0 0 0 0 0 1 0
16 0 16 1 1 0 1 0
16 0 0 1 0 0 1 0
0 0 0 0 0 0 1 0
0 0 16 0 1 0 1 0
16 0 16 1 1 0 1 0
0 0 16 0 0 0 1 0
16 0 32 1 1 0 1 0
16 0 16 1 0 0 1 0
0 0 16 0 0 0 1 0
0 0 32 0 1 0 1 0
16 0 32 1 1 0 1 0
0 0 32 0 0 0 1 0
16 0 48 1 1 0 1 0
16 0 32 1 0 0 1 0
0 0 32 0 0 0 1 0
0 0 48 0 1 0 1 0
16 0 48 1 1 0 1 0
0 0 48 0 0 0 1 0
16 0 64 1 1 0 1 0
16 0 48 1 0 0 1 0
0 0 48 0 0 0 1 0
0 0 64 0 1 0 1 0
16 0 64 1 1 0 1 0
0 0 64 0 0 0 1 0
16 0 80 1 1 0 1 0
16 0 64 1 0 0 1 0
0 0 64 0 0 0 1 0
0 0 80 0 1 0 1 0
16 0 80 1 1 0 1 0
0 0 80 0 0 0 1 0
16 0 96 1 1 0 1 0
16 0 80 1 0 0 1 0
0 0 80 0 0 0 1 0
0 0 96 0 1 0 1 0
16 0 96 1 1 0 1 0
0 0 96 0 0 0 1 0
16 0 112 1 1 0 1 0
16 0 96 1 0 0 1 0
0 0 96 0 0 0 1 0
0 0 112 0 1 0 1 0
16 0 112 1 1 0 1 0
0 0 112 0 0 0 1 0
16 0 128 1 1 0 1 0
16 0 112 1 0 0 1 0
0 0 112 0 0 0 1 0
0 0 128 0 1 0 1 0
16 0 128 1 1 0 1 0
16 0 0 0 0 0 1 0
32 0 16 1 1 0 1 0
32 0 0 1 0 0 1 0
16 0 0 0 0 0 1 0
16 0 16 0 1 0 1 0
32 0 16 1 1 0 1 0
16 0 16 0 0 0 1 0
32 0 32 1 1 0 1 0
32 0 16 1 0 0 1 0
16 0 16 0 0 0 1 0
16 0 32 0 1 0 1 0
32 0 32 1 1 0 1 0
16 0 32 0 0 0 1 0
32 0 48 1 1 0 1 0
32 0 32 1 0 0 1 0
16 0 32 0 0 0 1 0
16 0 48 0 1 0 1 0
32 0 48 1 1 0 1 0
16 0 48 0 0 0 1 0
32 0 64 1 1 0 1 0
32 0 48 1 0 0 1 0
16 0 48 0 0 0 1 0
16 0 64 0 1 0 1 0
32 0 64 1 1 0 1 0
16 0 64 0 0 0 1 0
32 0 80 1 1 0 1 0
32 0 64 1 0 0 1 0
16 0 64 0 0 0 1 0
16 0 80 0 1 0 1 0
32 0 80 1 1 0 1 0
16 0 80 0 0 0 1 0
32 0 96 1 1 0 1 0
32 0 80 1 0 0 1 0
16 0 80 0 0 0 1 0
16 0 96 0 1 0 1 0
32 0 96 1 1 0 1 0
16 0 96 0 0 0 1 0
32 0 112 1 1 0 1 0
32 0 96 1 0 0 1 0
16 0 96 0 0 0 1 0
16 0 112 0 1 0 1 0
32 0 112 1 1 0 1 0
16 0 112 0 0 0 1 0
32 0 128 1 1 0 1 0
32 0 112 1 0 0 1 0
16 0 112 0 0 0 1 0
16 0 128 0 1 0 1 0
32 0 128 1 1 0 1 0
32 0 0 0 0 0 1 0
48 0 16 1 1 0 1 0
48 0 0 1 0 0 1 0
32 0 0 0 0 0 1 0
32 0 16 0 1 0 1 0
48 0 16 1 1 0 1 0
32 0 16 0 0 0 1 0
48 0 32 1 1 0 1 0
48 0 16 1 0 0 1 0
32 0 16 0 0 0 1 0
32 0 32 0 1 0 1 0
48 0 32 1 1 0 1 0
32 0 32 0 0 0 1 0
48 0 48 1 1 0 1 0
48 0 32 1 0 0 1 0
32 0 32 0 0 0 1 0
32 0 48 0 1 0 1 0
48 0 48 1 1 0 1 0
32 0 48 0 0 0 1 0
48 0 64 1 1 0 1 0
48 0 48 1 0 0 1 0
32 0 48 0 0 0 1 0
32 0 64 0 1 0 1 0
48 0 64 1 1 0 1 0
32 0 64 0 0 0 1 0
48 0 80 1 1 0 1 0
48 0 64 1 0 0 1 0
32 0 64 0 0 0 1 0
32 0 80 0 1 0 1 0
48 0 80 1 1 0 1 0
32 0 80 0 0 0 1 0
48 0 96 1 1 0 1 0
48 0 80 1 0 0 1 0
32 0 80 0 0 0 1 0
32 0 96 0 1 0 1 0
48 0 96 1 1 0 1 0
32 0 96 0 0 0 1 0
48 0 112 1 1 0 1 0
48 0 96 1 0 0 1 0
32 0 96 0 0 0 1 0
32 0 112 0 1 0 1 0
48 0 112 1 1 0 1 0
32 0 112 0 0 0 1 0
48 0 128 1 1 0 1 0
48 0 112 1 0 0 1 0
32 0 112 0 0 0 1 0
32 0 128 0 1 0 1 0
48 0 128 1 1 0 1 0
48 0 0 0 0 0 1 0
64 0 16 1 1 0 1 0
64 0 0 1 0 0 1 0
48 0 0 0 0 0 1 0
48 0 16 0 1 0 1 0
64 0 16 1 1 0 1 0
48 0 16 0 0 0 1 0
64 0 32 1 1 0 1 0
64 0 16 1 0 0 1 0
48 0 16 0 0 0 1 0
48 0 32 0 1 0 1 0
64 0 32 1 1 0 1 0
48 0 32 0 0 0 1 0
64 0 48 1 1 0 1 0
64 0 32 1 0 0 1 0
48 0 32 0 0 0 1 0
48 0 48 0 1 0 1 0
64 0 48 1 1 0 1 0
48 0 48 0 0 0 1 0
64 0 64 1 1 0 1 0
64 0 48 1 0 0 1 0
48 0 48 0 0 0 1 0
48 0 64 0 1 0 1 0
64 0 64 1 1 0 1 0
48 0 64 0 0 0 1 0
64 0 80 1 1 0 1 0
64 0 64 1 0 0 1 0
48 0 64 0 0 0 1 0
48 0 80 0 1 0 1 0
64 0 80 1 1 0 1 0
48 0 80 0 0 0 1 0
64 0 96 1 1 0 1 0
64 0 80 1 0 0 1 0
48 0 80 0 0 0 1 0
48 0 96 0 1 0 1 0
64 0 96 1 1 0 1 0
48 0 96 0 0 0 1 0
64 0 112 1 1 0 1 0
64 0 96 1 0 0 1 0
48 0 96 0 0 0 1 0
48 0 112 0 1 0 1 0
64 0 112 1 1 0 1 0
48 0 112 0 0 0 1 0
64 0 128 1 1 0 1 0
64 0 112 1 0 0 1 0
48 0 112 0 0 0 1 0
48 0 128 0 1 0 1 0
64 0 128 1 1 0 1 0
64 0 0 0 0 0 1 0
80 0 16 1 1 0 1 0
80 0 0 1 0 0 1 0
64 0 0 0 0 0 1 0
64 0 16 0 1 0 1 0
80 0 16 1 1 0 1 0
64 0 16 0 0 0 1 0
80 0 32 1 1 0 1 0
80 0 16 1 0 0 1 0
64 0 16 0 0 0 1 0
64 0 32 0 1 0 1 0
80 0 32 1 1 0 1 0
64 0 32 0 0 0 1 0
80 0 48 1 1 0 1 0
80 0 32 1 0 0 1 0
64 0 32 0 0 0 1 0
64 0 48 0 1 0 1 0
80 0 48 1 1 0 1 0
64 0 48 0 0 0 1 0
80 0 64 1 1 0 1 0
80 0 48 1 0 0 1 0
64 0 48 0 0 0 1 0
64 0 64 0 1 0 1 0
80 0 64 1 1 0 1 0
64 0 64 0 0 0 1 0
80 0 80 1 1 0 1 0
80 0 64 1 0 0 1 0
64 0 64 0 0 0 1 0
64 0 80 0 1 0 1 0
80 0 80 1 1 0 1 0
64 0 80 0 0 0 1 0
80 0 96 1 1 0 1 0
80 0 80 1 0 0 1 0
64 0 80 0 0 0 1 0
64 0 96 0 1 0 1 0
80 0 96 1 1 0 1 0
64 0 96 0 0 0 1 0
80 0 112 1 1 0 1 0
80 0 96 1 0 0 1 0
64 0 96 0 0 0 1 0
64 0 112 0 1 0 1 0
80 0 112 1 1 0 1 0
64 0 112 0 0 0 1 0
80 0 128 1 1 0 1 0
80 0 112 1 0 0 1 0
64 0 112 0 0 0 1 0
64 0 128 0 1 0 1 0
80 0 128 1 1 0 1 0
80 0 0 0 0 0 1 0
96 0 16 1 1 0 1 0
96 0 0 1 0 0 1 0
80 0 0 0 0 0 1 0
80 0 16 0 1 0 1 0
96 0 16 1 1 0 1 0
80 0 16 0 0 0 1 0
96 0 32 1 1 0 1 0
96 0 16 1 0 0 1 0
80 0 16 0 0 0 1 0
80 0 32 0 1 0 1 0
96 0 32 1 1 0 1 0
80 0 32 0 0 0 1 0
96 0 48 1 1 0 1 0
96 0 32 1 0 0 1 0
80 0 32 0 0 0 1 0
80 0 48 0 1 0 1 0
96 0 48 1 1 0 1 0
80 0 48 0 0 0 1 0
96 0 64 1 1 0 1 0
96 0 48 1 0 0 1 0
80 0 48 0 0 0 1 0
80 0 64 0 1 0 1 0
96 0 64 1 1 0 1 0
80 0 64 0 0 0 1 0
96 0 80 1 1 0 1 0
96 0 64 1 0 0 1 0
80 0 64 0 0 0 1 0
80 0 80 0 1 0 1 0
96 0 80 1 1 0 1 0
80 0 80 0 0 0 1 0
96 0 96 1 1 0 1 0
96 0 80 1 0 0 1 0
80 0 80 0 0 0 1 0
80 0 96 0 1 0 1 0
96 0 96 1 1 0 1 0
80 0 96 0 0 0 1 0
96 0 112 1 1 0 1 0
96 0 96 1 0 0 1 0
80 0 96 0 0 0 1 0
80 0 112 0 1 0 1 0
96 0 112 1 1 0 1 0
80 0 112 0 0 0 1 0
96 0 128 1 1 0 1 0
96 0 112 1 0 0 1 0
80 0 112 0 0 0 1 0
80 0 128 0 1 0 1 0
96 0 128 1 1 0 1 0
96 0 0 0 0 0 1 0
112 0 16 1 1 0 1 0
112 0 0 1 0 0 1 0
96 0 0 0 0 0 1 0
96 0 16 0 1 0 1 0
112 0 16 1 1 0 1 0
96 0 16 0 0 0 1 0
112 0 32 1 1 0 1 0
112 0 16 1 0 0 1 0
96 0 16 0 0 0 1 0
96 0 32 0 1 0 1 0
112 0 32 1 1 0 1 0
96 0 32 0 0 0 1 0
112 0 48 1 1 0 1 0
112 0 32 1 0 0 1 0
96 0 32 0 0 0 1 0
96 0 48 0 1 0 1 0
112 0 48 1 1 0 1 0
96 0 48 0 0 0 1 0
112 0 64 1 1 0 1 0
112 0 48 1 0 0 1 0
96 0 48 0 0 0 1 0
96 0 64 0 1 0 1 0
112 0 64 1 1 0 1 0
96 0 64 0 0 0 1 0
112 0 80 1 1 0 1 0
112 0 64 1 0 0 1 0
96 0 64 0 0 0 1 0
96 0 80 0 1 0 1 0
112 0 80 1 1 0 1 0
96 0 80 0 0 0 1 0
112 0 96 1 1 0 1 0
112 0 80 1 0 0 1 0
96 0 80 0 0 0 1 0
96 0 96 0 1 0 1 0
112 0 96 1 1 0 1 0
96 0 96 0 0 0 1 0
112 0 112 1 1 0 1 0
112 0 96 1 0 0 1 0
96 0 96 0 0 0 1 0
96 0 112 0 1 0 1 0
112 0 112 1 1 0 1 0
96 0 112 0 0 0 1 0
112 0 128 1 1 0 1 0
112 0 112 1 0 0 1 0
96 0 112 0 0 0 1 0
96 0 128 0 1 0 1 0
112 0 128 1 1 0 1 0
112 0 0 0 0 0 1 0
128 0 16 1 1 0 1 0
128 0 0 1 0 0 1 0
112 0 0 0 0 0 1 0
112 0 16 0 1 0 1 0
128 0 16 1 1 0 1 0
112 0 16 0 0 0 1 0
128 0 32 1 1 0 1 0
128 0 16 1 0 0 1 0
112 0 16 0 0 0 1 0
112 0 32 0 1 0 1 0
128 0 32 1 1 0 1 0
112 0 32 0 0 0 1 0
128 0 48 1 1 0 1 0
128 0 32 1 0 0 1 0
112 0 32 0 0 0 1 0
112 0 48 0 1 0 1 0
128 0 48 1 1 0 1 0
112 0 48 0 0 0 1 0
128 0 64 1 1 0 1 0
128 0 48 1 0 0 1 0
112 0 48 0 0 0 1 0
112 0 64 0 1 0 1 0
128 0 64 1 1 0 1 0
112 0 64 0 0 0 1 0
128 0 80 1 1 0 1 0
128 0 64 1 0 0 1 0
112 0 64 0 0 0 1 0
112 0 80 0 1 0 1 0
128 0 80 1 1 0 1 0
112 0 80 0 0 0 1 0
128 0 96 1 1 0 1 0
128 0 80 1 0 0 1 0
112 0 80 0 0 0 1 0
112 0 96 0 1 0 1 0
128 0 96 1 1 0 1 0
112 0 96 0 0 0 1 0
128 0 112 1 1 0 1 0
128 0 96 1 0 0 1 0
112 0 96 0 0 0 1 0
112 0 112 0 1 0 1 0
128 0 112 1 1 0 1 0
112 0 112 0 0 0 1 0
128 0 128 1 1 0 1 0
128 0 112 1 0 0 1 0
112 0 112 0 0 0 1 0
112 0 128 0 1 0 1 0
128 0 128 1 1 0 1 0
